Episode,Reward
0,-3425.033851414719
1,-3430.8053720212283
0,-3446.242309091952
1,-3444.0004559266304
2,-897.1529352170751
2,-897.1529352170751
3,-3445.4305299852845
4,-3465.4326386306793
5,-2881.376830905321
5,-2881.376830905321
6,-1723.9318797126768
6,-1723.9318797126768
7,-3438.8904813574727
8,-1804.1279949571049
8,-1804.1279949571049
9,-3478.416548623202
10,-2669.3728856361467
10,-2669.3728856361467
11,-1037.1247432325395
11,-1037.1247432325395
12,-3444.991367052777
13,-3465.73249918089
14,-3465.9306587116785
15,-3463.9963326377374
16,-3446.4306809842365
0,-813.3996163163966
0,-813.3996163163966
1,-737.7936092778288
1,-737.7936092778288
2,-879.4697839043567
2,-879.4697839043567
3,-780.3210021892797
3,-780.3210021892797
4,-808.3812103326112
4,-808.3812103326112
5,-977.5530678116695
5,-977.5530678116695
6,-877.0012309139069
6,-877.0012309139069
7,-972.9068424224083
7,-972.9068424224083
8,-1058.8242519915468
8,-1058.8242519915468
9,-885.0154107545998
9,-885.0154107545998
10,-770.0750372756116
10,-770.0750372756116
11,-1025.7603994581618
11,-1025.7603994581618
12,-968.9920679196052
12,-968.9920679196052
13,-896.6187687387174
13,-896.6187687387174
14,-877.574382064492
14,-877.574382064492
15,-840.6877034558196
15,-840.6877034558196
16,-929.0460847786647
16,-929.0460847786647
17,-915.5560730098192
17,-915.5560730098192
18,-923.0537643893401
18,-923.0537643893401
19,-953.0148958816235
19,-953.0148958816235
0,-788.224063084467
0,-788.224063084467
0,-1019.6826490780941
0,-1019.6826490780941
1,-1013.0028227044837
1,-1013.0028227044837
2,-1289.340026070309
2,-1289.340026070309
3,-1160.9349105108215
3,-1160.9349105108215
4,-1119.9982082455426
4,-1119.9982082455426
5,-1230.1533571066368
5,-1230.1533571066368
6,-1016.8434268522025
6,-1016.8434268522025
7,-1107.5441990611644
7,-1107.5441990611644
8,-1272.1282830626267
8,-1272.1282830626267
9,-999.1380584707987
9,-999.1380584707987
10,-1147.0962799089716
10,-1147.0962799089716
11,-896.0965036874618
11,-896.0965036874618
12,-1152.2718428439216
12,-1152.2718428439216
13,-1247.0164207736398
13,-1247.0164207736398
0,-982.8770264477475
1,-1073.1915726140019
0,-1070.5086604714945
1,-1119.2848325156606
2,-931.7223398225821
3,-1144.5390544806482
0,-263.15047885952947
1,-193.5829987140834
